//Temperature(K)
300 100.0 15
//Pressure(Atm)
1
//Rotational symmetry number (negative for linear molecule)
1
//Spin multiplicity
1
//The number of atoms
21
//Atomic coordinates
 C                 -2.14506900   -0.03461700   -0.11656200
 O                 -1.05565600   -1.23343100   -0.20657600
 H                 -1.36920800   -1.81976700   -0.91237500
 O                 -3.26409000   -0.42068100   -0.24554300
 C                 -1.45500700    1.17732600   -0.07161900
 H                 -2.08755200    2.04082700   -0.23314000
 C                 -0.05864000    1.30066000   -0.15865700
 C                  0.90814900    0.36490500    0.23740900
 H                 -0.03939800   -0.69617200   -0.33480400
 H                  0.28990000    2.18628900   -0.69561600
 C                  2.33045200    0.55925500   -0.27197700
 H                  2.32490100    1.26557200   -1.10879000
 H                  2.94220900    1.01790900    0.51867600
 C                  0.81791200   -0.31605300    1.60931300
 H                  1.02388200   -1.38950100    1.57807000
 H                  1.56166700    0.13820000    2.27581300
 H                 -0.16675600   -0.18448400    2.05869700
 C                  3.01749400   -0.73727400   -0.72672500
 H                  2.47066200   -1.20273500   -1.55286000
 H                  4.03744900   -0.54180500   -1.06947700
 H                  3.07847000   -1.46664900    0.08566900
//Print detail contributions of each vibrational mode. 0=No 1=Yes
1
//Scale factor
0.99
//Mass for all atoms. Define elements first, and then individual atoms
C 12.00000
H 1.00783
O 15.9994
Cartesian Force Constants                  R   N=        2016
  8.51486660E-01  4.10903383E-01  4.69236005E-01  8.97935480E-02  5.83019275E-02
  1.80503736E-01 -2.50280787E-03 -1.08886010E-01 -2.33204261E-02  2.30311808E-01
 -6.54865445E-02 -4.90721848E-02 -2.50048318E-03  1.45680136E-01  3.21556126E-01
 -1.25036489E-02 -1.19005794E-02 -4.45113460E-02  1.09017760E-01  2.23468065E-01
  3.32763482E-01  2.44144327E-02  5.97751378E-03  1.48806586E-02 -1.02255283E-01
 -8.79848126E-02 -1.06044171E-01  8.21537015E-02 -4.10436134E-03 -2.37679347E-02
 -1.51735323E-02 -8.32345341E-02 -1.76569208E-01 -2.01173688E-01  8.72254098E-02
  1.99988892E-01  1.89135839E-03 -1.14741884E-03  1.29752843E-03 -1.06215978E-01
 -2.23357317E-01 -2.76070735E-01  1.11190687E-01  2.16778892E-01  2.70546707E-01
 -6.77422972E-01 -2.42116886E-01 -7.40446399E-02 -7.21014665E-02  3.50406245E-02
  4.25918885E-03 -5.71290138E-03 -2.35490683E-03 -1.25440422E-03  7.87659493E-01
 -2.21441482E-01 -1.63451079E-01 -3.17010522E-02  5.01501596E-02  2.00685348E-02
  3.63582933E-03 -4.84519410E-03  4.86216731E-03  1.52812226E-03  2.37488961E-01
  1.63830933E-01 -6.98674794E-02 -3.75891082E-02 -7.65944238E-02 -9.57654419E-05
  7.84572024E-03  1.39933517E-02 -2.94869134E-03  2.41009848E-03 -1.52195536E-03
  7.63574486E-02  3.05968765E-02  4.11803426E-02 -1.47679921E-01 -6.75460202E-02
 -2.77270003E-02  3.25187699E-02  2.24796088E-02  7.77343190E-03 -1.92671011E-03
  5.71176496E-03 -2.19888015E-04 -3.99809636E-02 -5.79154222E-02 -1.40076129E-03
  6.98119652E-01 -1.01311146E-01 -2.44819042E-01 -2.45968516E-02  3.21747432E-02
 -3.93039846E-02 -2.38603439E-03  3.88003663E-03  1.04429390E-03  9.24123361E-04
 -3.36499714E-02 -1.52785655E-02  3.05613604E-03 -1.17077627E-02  6.40778958E-01
 -1.18818646E-02 -9.82223992E-03 -5.34616577E-02  2.01880439E-04  3.47358789E-04
  5.45196322E-03 -1.45243496E-03 -7.76800777E-04 -4.40535692E-04 -4.59517920E-03
 -4.53394351E-03  1.67033752E-02  2.51240063E-02 -4.13778541E-02  1.01698666E-01
  7.87617059E-03 -1.09653078E-02  3.49613100E-03  2.19801376E-03 -3.87580922E-03
 -1.59946643E-03  6.44762360E-04 -4.28886021E-04  1.77169277E-05 -4.55079161E-05
  8.49883072E-05 -3.29373474E-04 -1.48206537E-01  1.32849382E-01 -2.40792179E-02
  1.57419905E-01  1.59316762E-02 -2.10469539E-02  4.73506351E-03  1.00919662E-04
 -4.99524896E-03 -9.18858919E-04  9.93374355E-04 -3.02417093E-04  5.95803064E-04
  4.11884211E-04  2.55429704E-03 -1.00073211E-03  1.31243206E-01 -2.35012663E-01
  3.96002354E-02 -1.40336964E-01  2.51492381E-01 -3.97748398E-03 -4.48186718E-03
 -2.04544108E-03 -2.34842445E-03 -2.43925572E-03  5.01415263E-03 -8.11452488E-04
  1.12934859E-03  8.23837660E-04  3.97143061E-03  1.45719801E-03 -1.32607250E-03
 -2.13765270E-02  4.83239169E-02 -3.20857855E-02  2.74799211E-02 -4.09583989E-02
  2.68897849E-02 -2.40592345E-02 -7.38088188E-02  1.48379962E-02 -5.04783416E-02
  4.84919115E-04  6.20093951E-04 -3.78743357E-03 -3.14080590E-03  1.03610081E-03
  1.33322219E-02  1.73387027E-02 -1.76916887E-03 -3.19095736E-01  4.24928397E-03
  4.42186914E-03 -1.38566058E-02 -4.69277079E-03 -7.64501898E-03  6.72888174E-01
 -3.44815984E-02  1.91811425E-02  2.63582571E-03  2.17150850E-02 -3.57131028E-03
 -5.89115535E-04  1.62637917E-03  9.48836155E-04  8.97481262E-04 -2.99954943E-03
 -9.12490399E-03 -2.72681860E-03 -3.91277984E-02 -1.12612631E-01  2.06605190E-02
  2.54929792E-02  6.35372848E-03 -5.42383546E-04 -1.38327857E-02  5.35402569E-01
  6.52383099E-03 -7.77751762E-04 -7.31405509E-03 -5.50461205E-03 -9.80981895E-04
  2.37534149E-03  7.26842633E-04 -2.79204360E-04 -3.87861994E-04 -2.07731825E-03
 -1.26851919E-04  8.25989685E-03  2.53850180E-02  1.33767311E-02 -5.66712121E-02
 -6.17976076E-03 -1.49101867E-03 -3.69062713E-04 -1.04290480E-02 -2.02244266E-01
  2.75319089E-01  4.85385636E-03 -1.99432186E-03 -2.84612518E-03 -3.02479991E-02
 -2.55114050E-02 -8.18476375E-03 -5.44433139E-03 -1.01445402E-03  1.83125905E-03
  2.64607896E-04  1.07491085E-03  7.02131771E-04 -2.41149673E-02  2.41792308E-02
 -6.36800344E-03 -3.52694368E-03 -1.19495252E-03  5.20433501E-04 -2.21527756E-01
  1.35689405E-01 -4.64199094E-02  5.58433078E-01  1.67040250E-03 -6.66343852E-02
  3.57570758E-03 -9.10577872E-02 -2.11446653E-02  5.32764468E-04 -6.76920220E-03
 -1.75739024E-03  3.96951352E-03  7.17336873E-03  1.70432369E-02 -5.81783048E-04
  4.92588930E-02  3.21444586E-02 -1.45240117E-02 -9.94407556E-04  1.47682223E-03
 -4.22516670E-03  6.76462022E-02 -1.63497856E-01  7.72739021E-02 -1.26305686E-01
  3.27468012E-01 -2.22389241E-04 -2.10668224E-02 -9.19183661E-04 -2.63133801E-02
 -8.23650283E-04  3.16728327E-03 -7.93448168E-04  3.46184735E-04  1.55671834E-03
  2.92250079E-03  6.17223959E-03 -3.42023738E-04  1.20552747E-02  8.00528748E-03
  4.57776193E-03  2.18443658E-03  3.10043777E-04  3.29563157E-03 -5.81369888E-02
  8.62186278E-02 -9.50971800E-02 -3.35302470E-03 -1.78788578E-01  3.54750276E-01
 -3.27097680E-02  7.92451134E-02  3.08286702E-03 -7.91996703E-03 -1.71121048E-02
  1.14681390E-02  1.21878001E-02  8.58646564E-04 -8.30750295E-03 -2.22822020E-03
 -1.77300670E-02  1.04530612E-03 -3.51263829E-02 -2.57938096E-02  7.45618921E-03
 -2.24345264E-03 -2.30596982E-03  4.25112188E-03  5.38988151E-02 -3.05129567E-02
  1.32806320E-03  7.23528249E-03  8.71751723E-02  3.11653065E-02  1.51748036E-02
 -6.80447041E-03  6.20627596E-02  1.58983559E-03  2.32259137E-02 -4.53815594E-02
 -5.61306572E-03 -4.47865200E-05 -5.32974534E-03  3.59892568E-04  6.22194525E-03
 -1.60107914E-02 -9.89800915E-04 -1.43098592E-02 -1.81997571E-02  1.01245157E-03
 -1.89602530E-03 -8.08527680E-04  2.87960056E-03  2.90486186E-02 -3.16737084E-02
 -4.66132343E-03  1.47503180E-02  3.01491351E-02  1.85011098E-03 -5.15791514E-02
  3.16423392E-02 -2.30578015E-03  9.39199435E-03  1.21888162E-03  4.19709341E-02
  4.21352341E-03 -3.91996670E-02 -1.57905607E-02 -4.08125493E-03  4.01768303E-03
 -1.46141162E-03 -1.91962459E-03  4.99759841E-04 -3.83029359E-03 -2.44470521E-03
  2.30229744E-03 -1.51896714E-04 -1.85348924E-04  1.90034163E-04  9.97138830E-04
 -5.65931433E-03 -5.25180771E-03  8.52849051E-03 -1.68020126E-03 -1.01666963E-02
 -2.35534317E-02  2.13916314E-03  6.19098116E-02 -5.52871357E-03  2.35094806E-04
  4.53825981E-03 -2.35796730E-04 -4.64922240E-05 -2.58139954E-04 -1.17717471E-04
 -3.62306359E-05  9.36784836E-05 -4.50037118E-04 -1.27413249E-03 -1.98347226E-03
 -9.63810434E-03 -2.65754885E-02  1.21458470E-02  7.14202108E-04  1.14951492E-04
 -9.98668266E-04 -8.19405629E-02 -6.18437648E-02  4.47223514E-02  6.50476505E-03
  1.31464630E-02 -1.29943341E-02  1.27805818E-03  6.27892820E-04  2.99452161E-04
  9.06611112E-02  2.44834856E-03  8.57710936E-03  4.82479806E-03  4.83435773E-03
 -3.56982250E-04 -1.57357091E-04  3.24328530E-04  3.81264165E-04  4.48535729E-05
 -2.18651501E-03 -1.97726053E-03 -1.33901409E-03 -9.19957413E-03 -3.10550770E-03
  5.16838343E-03 -2.37885200E-04  2.49099786E-04 -2.61522403E-03 -5.74121284E-02
 -2.23642260E-01  1.03053033E-01 -3.74125693E-03 -5.18376937E-03  1.83114533E-02
 -6.13033472E-03 -2.79021946E-03 -4.10533099E-04  7.06964826E-02  2.30225226E-01
  3.04002152E-03  8.22287387E-03  4.34119170E-03  6.24465730E-03 -2.23180330E-03
 -1.07360318E-03  4.42331760E-04  4.56091160E-04  2.93914543E-04 -1.98106753E-03
 -1.84032955E-03 -9.96798243E-04 -9.77351219E-03 -1.08894919E-03  6.23513035E-03
 -9.10116076E-05 -6.09830610E-04 -2.18868526E-03  5.28917044E-02  1.02889711E-01
 -1.08121624E-01  2.93392494E-03  2.07390970E-02  4.76173148E-03 -1.02994732E-02
 -1.30927703E-03 -5.86888812E-04 -4.37674650E-02 -1.23960869E-01  9.90830868E-02
 -1.72392289E-03 -1.68365115E-03  1.19032547E-04  8.78970850E-04  1.91107718E-04
 -3.43032817E-04  9.34815867E-05 -3.26877066E-04 -2.30414270E-04  1.41640612E-03
  5.07354454E-04  1.42655254E-04  3.76800262E-03  3.25037965E-03  3.56689303E-04
 -4.25076324E-04 -6.20743394E-05  5.17656757E-05 -3.36706511E-02  1.68385346E-03
  3.10300479E-03 -1.68116911E-01 -1.21269677E-02  3.49515946E-02 -5.33006413E-03
 -6.94801042E-04  9.13115744E-04  4.58001262E-04 -1.72559562E-03  1.35719313E-03
  4.67641958E-01  6.65887075E-04 -4.01690245E-03 -6.26635457E-05 -4.16327414E-03
 -2.38934073E-03 -9.26957127E-04 -1.01034159E-03 -3.76162868E-04 -4.71635462E-05
  1.09668213E-03  1.36365849E-03 -2.38631587E-04  4.26609484E-03  1.69332203E-03
  4.99830839E-03  5.16839141E-04  3.06256896E-04  8.34645216E-04  2.09351831E-02
  4.87996224E-03 -9.20726523E-03 -1.95358078E-02 -8.18800172E-02  1.73852515E-02
 -1.44533048E-03  3.74115129E-03  4.47922486E-03  1.53238252E-03 -2.86871622E-04
 -4.15896874E-03  1.67483449E-02  4.96515370E-01  2.54173874E-03  4.44494976E-04
 -3.00805457E-04 -4.03362483E-03 -3.82507067E-03  7.24080789E-06 -1.07417384E-03
 -3.99301324E-04 -4.25432192E-05 -1.26934882E-03 -3.16786062E-04 -4.27515883E-04
 -1.42201878E-03  4.14315467E-03  3.27693692E-03 -9.91326029E-04  1.09186470E-04
  8.00622203E-04 -4.55702270E-03 -4.04345838E-03  2.38899906E-03  3.17932854E-02
  9.32889767E-03 -8.59499427E-02 -1.09115162E-04  5.66296059E-03  2.03564440E-03
 -1.72815293E-03  5.08066616E-04 -3.26864407E-03  3.82106861E-02 -4.07969469E-02
  5.62814857E-01  2.33467747E-04  2.67680205E-04 -1.97912896E-05  3.41632130E-04
  1.27362042E-04 -4.50717109E-05 -2.13923105E-05  1.78732340E-06 -3.50836465E-05
 -1.02168959E-04 -3.63779142E-05  2.85190160E-05 -2.41809884E-04 -1.30202389E-04
 -1.24402379E-04  4.23155158E-05  1.06362058E-05  7.23408302E-05  1.07894150E-03
 -2.36723348E-03  1.49413643E-03 -1.34196538E-03 -1.76417312E-02  2.49819549E-02
 -6.17405997E-04 -4.43641946E-04  1.33563157E-04 -1.17214134E-04  8.06023994E-04
 -4.96369245E-04 -4.81691253E-02  1.12273672E-03 -5.11471003E-03  5.59981559E-02
  2.81012147E-04  2.33848104E-04 -6.01697728E-06  3.27402751E-05  5.13334246E-05
 -6.68281427E-05 -2.00121095E-05 -4.59881002E-05  1.95661310E-05 -1.89065921E-04
 -7.55739049E-05  6.64557368E-06 -4.55589932E-04 -8.28302504E-06 -3.40141792E-04
 -3.53573442E-05 -1.74580539E-05  1.38769025E-05  2.65247519E-03  2.62333591E-04
 -7.09254848E-04 -2.20467162E-06 -3.30803517E-03  4.53819900E-03 -2.33217897E-04
 -2.39829063E-04  2.67381190E-04  2.43642941E-04  5.71001379E-04 -3.50813982E-04
 -8.87390593E-04 -1.48493588E-01  1.23426880E-01 -5.24550930E-03  1.64459932E-01
 -5.72843698E-04 -1.80355905E-04  7.17514104E-05 -2.05082153E-05 -1.02901890E-04
  8.68026399E-05  2.48439226E-05 -6.14620327E-06  8.44199106E-06  2.85119862E-04
  5.02875254E-05 -1.87689019E-05  5.03287136E-04 -4.40625002E-04  2.93470601E-04
  7.55495631E-05  1.78859458E-05 -7.61390530E-05 -2.30467294E-03  1.59874334E-03
 -2.58774705E-04 -3.18061273E-04  4.43068545E-03 -8.74028624E-03  3.21630980E-04
  1.38861924E-04 -3.59672693E-04  4.15287878E-04 -1.01495486E-03  8.29591173E-04
 -2.65584664E-03  1.23948988E-01 -1.98429113E-01  3.65403134E-04 -1.35380951E-01
  2.13967524E-01  1.83505491E-03  1.28498343E-03 -2.34550715E-04 -1.93192782E-03
 -2.14397649E-03  7.84512243E-05 -5.53854537E-04 -5.26922985E-05  2.18121699E-05
 -1.31522095E-03 -5.58185219E-04 -2.05106592E-04 -1.88511638E-03  3.15852824E-04
  1.24172470E-03 -3.17190453E-04  4.90801385E-05  3.60154286E-04  4.96347831E-04
 -3.35394546E-03  6.84736298E-04 -2.46752066E-02 -1.10739452E-02 -1.84922030E-02
  8.05332018E-04  3.23203266E-03  6.93292050E-04 -1.01702800E-04 -8.01621919E-05
 -1.34927467E-03 -1.17034350E-01 -5.60763987E-02 -9.83971976E-02 -4.86172282E-04
  2.53857343E-04 -3.26472034E-04  1.34783741E-01  2.69552850E-04  1.04501895E-03
 -1.44351466E-04  5.96962453E-04 -1.49416197E-04  7.54050559E-05  4.97399437E-05
 -2.15557784E-05 -8.20191178E-05 -3.20752942E-04 -3.18572487E-04  1.75354210E-05
 -8.21458991E-04 -5.16603001E-04  8.69306953E-05 -3.11977759E-05 -1.17828768E-05
  1.44983506E-04  9.02624624E-04 -5.09700955E-04 -6.26426869E-05 -2.66669870E-03
  7.46034186E-04 -1.56234997E-03 -9.98730609E-04 -1.87422122E-04 -1.00956888E-04
  1.78925044E-04 -1.46138000E-04 -2.72670729E-04 -5.46885665E-02 -8.72998486E-02
 -6.81946072E-02  1.15830669E-02  9.51301830E-03  1.44405312E-02  5.80300505E-02
  9.53289027E-02  2.86133421E-04  2.55334163E-04  7.92462143E-05 -1.32348150E-04
  2.65298456E-04  2.14332684E-04  1.50545797E-04  1.13697749E-04  1.03596366E-04
 -3.05775172E-04 -1.20050065E-04 -7.45452949E-05 -5.39114007E-04 -4.91548190E-04
 -1.02779211E-04  6.49645587E-05 -3.80459940E-05 -8.43710800E-05  5.64491275E-04
  2.97326410E-04  2.46025657E-04  4.35242892E-03  4.90520849E-03  7.64601579E-03
  1.18701650E-03  2.44183919E-04 -2.56180206E-04 -4.26874744E-04 -3.76049611E-04
  7.50161842E-05 -9.44372062E-02 -6.88604839E-02 -1.76612124E-01 -1.30254069E-02
 -1.02260090E-02 -1.79580887E-02  1.04290311E-01  8.02676502E-02  1.90984405E-01
  3.61168506E-04  6.64088997E-03 -3.13076506E-03  2.22600929E-03 -1.95629141E-05
 -3.61355229E-03  7.55627524E-05  4.46018172E-04  3.62950318E-04 -2.55150522E-03
 -1.98837815E-03  5.50953355E-04 -5.57882554E-03 -1.32887531E-03  3.69468654E-04
 -1.18989435E-04 -1.76965433E-04  8.86014185E-04  9.54646097E-03  3.27609656E-03
 -1.66357147E-02 -7.92606675E-02  1.00257103E-02  6.12678955E-03 -6.25098600E-03
 -3.42481927E-03 -5.14547034E-03 -1.43294832E-03  1.58552038E-03  8.57561562E-04
 -2.84311806E-03 -1.61812685E-02  2.61395330E-02 -5.72404304E-03 -1.05837048E-03
  2.89707831E-03  6.22056307E-04 -2.41832949E-04  1.36575090E-03  5.78076241E-01
  6.90719032E-04  1.17979928E-02 -1.38334303E-03  6.66162224E-03 -8.11689983E-04
 -2.08366721E-03  3.26269824E-04  7.91500066E-04 -6.84777439E-04 -3.17642847E-03
 -3.14916484E-03  3.54133808E-04 -1.24355808E-02 -6.38878481E-03  1.91953281E-04
 -1.95483185E-04 -2.01195637E-04  6.30184455E-04  1.46299938E-02 -2.27367356E-02
  2.41388552E-02  2.91576136E-03 -6.74423340E-02  3.63566811E-02 -9.66415322E-03
 -4.60838127E-03 -5.42420590E-03  3.01651332E-03 -2.23521769E-03  4.19127421E-03
 -2.33504352E-03 -6.10770719E-04  4.76186456E-03  6.87639121E-05  8.23860009E-05
  9.07470139E-04  8.70424810E-04 -2.06889844E-04  6.93101936E-04 -5.78089327E-03
  5.30107465E-01 -2.32073491E-03  4.17591877E-03 -7.16813568E-04  8.43462939E-03
  2.83853620E-03 -2.80166217E-03  1.44104305E-03  7.02553817E-04 -3.96587672E-04
  7.87633018E-04 -1.04382972E-03  6.59098971E-04  1.38893999E-04 -1.44183002E-03
 -2.29172387E-04  2.50431361E-04 -9.94872301E-05  2.81449917E-04 -2.69085436E-03
  1.12822152E-03 -9.42146505E-03  1.44767578E-02  6.07729542E-02 -1.39815240E-01
 -1.90110801E-02 -7.97700132E-03 -1.36502824E-02  4.87680938E-04 -2.27130500E-03
  1.75112274E-03  5.30066820E-03  5.88557727E-03 -1.43846653E-02  6.54093234E-04
 -9.28546637E-04 -1.86499754E-04 -2.49506714E-03 -8.58923674E-04  1.64543031E-03
 -9.23355135E-03  3.26759310E-02  4.43963999E-01 -8.04929423E-04  9.59909360E-04
  5.96567365E-04  1.93097844E-04 -9.61981152E-04  4.01832236E-04  7.13978610E-05
 -1.20882884E-04 -1.69643729E-05  4.59167416E-04 -1.69019664E-04 -5.12796962E-05
  1.08026437E-03  1.39138476E-05 -1.17248920E-04 -4.78178524E-05 -2.88888255E-05
  2.17077474E-05 -2.36346037E-04  7.10297371E-04 -9.04735913E-04 -9.97467999E-04
 -1.54266715E-03 -1.18778822E-03  7.58025183E-04  1.24870310E-03 -6.39352151E-04
 -1.30490161E-04  1.10377261E-05 -1.76333476E-04  6.60027518E-05 -1.84235891E-04
 -8.02832073E-05  5.64003545E-05  9.75574597E-05  1.04915475E-04  1.69285898E-04
 -3.72150045E-05 -2.76482823E-05 -5.53561531E-02  4.65461863E-02  3.27169327E-03
  5.62664990E-02 -2.08215199E-04 -7.89503402E-04 -5.41277475E-04  1.43018882E-03
  1.94585694E-03 -1.24471347E-03  2.56290597E-04  1.63968694E-04  1.61725760E-04
  3.98238762E-04  1.97581515E-04  2.95025813E-04  1.19778985E-04  2.40307934E-04
  3.40509788E-05  6.09212848E-05 -3.63365402E-06 -6.64627393E-05 -2.22889793E-03
 -9.95187406E-04  9.51413362E-04  4.03481870E-03 -7.14317519E-03  4.61821142E-03
 -3.21751412E-03 -2.22024766E-03  5.98806853E-04  4.69333302E-04 -3.50264434E-04
  4.23157442E-04  5.95023723E-04 -5.25904714E-04  1.37136590E-04 -1.31419977E-04
  8.67685197E-05  1.41164917E-04 -1.59802122E-05 -4.59085634E-05 -1.21247978E-04
  4.85551910E-02 -2.94121047E-01 -1.41944468E-02 -5.31020417E-02  3.20786100E-01
  4.60638090E-06  3.32916073E-04  1.96516393E-04 -1.53326998E-03 -1.78940424E-03
  2.66515122E-04 -1.74079604E-04 -1.11772261E-04  1.13907211E-04  1.42220723E-05
 -1.47268689E-04 -1.47928640E-04  3.04693337E-04 -3.84665599E-05  2.77943945E-04
 -6.17834997E-05 -2.97602612E-05 -7.56724516E-05  2.05220657E-03  4.09897982E-03
 -2.96454442E-03 -1.02083625E-02  2.53150515E-02 -1.79358978E-03  2.54565204E-03
  4.64766687E-03 -8.47093497E-04 -9.88412420E-04  1.01380048E-03 -1.31448326E-03
 -4.75823718E-04 -6.55777260E-05  4.49799606E-04 -4.14294822E-05 -1.08852462E-05
 -1.70268809E-04  1.91031411E-04  1.72984190E-06 -1.56500863E-04  3.77101277E-03
 -1.35114833E-02 -4.54057555E-02 -1.84227941E-03  1.21675554E-02  5.41832654E-02
  1.16026530E-03 -2.27183865E-05  1.07629124E-04 -9.27352404E-04 -1.11463774E-05
  1.13637306E-04  1.53801061E-04  2.87337086E-04 -1.57907568E-05 -4.49450955E-04
 -7.91505098E-05 -9.12929569E-05 -8.37146954E-04  2.33502598E-04 -7.70256647E-04
  2.77753396E-05  7.17252287E-07 -2.08516863E-04 -2.12379393E-04 -6.09109813E-04
  1.00849317E-03  5.52202604E-04  9.89081842E-04 -1.57089862E-03  8.83531366E-04
  6.95723708E-04 -3.61789485E-04 -6.05493449E-05  9.90598887E-05 -2.64212729E-04
  1.01135516E-03  5.65786409E-04  2.04676257E-03  1.90739842E-04  1.67421932E-04
  1.86075866E-04  6.79587825E-04 -5.49290873E-05 -4.48005370E-04 -1.64261207E-01
 -7.29276292E-02 -9.83369977E-02  4.26054429E-03  2.51854730E-03  4.21204915E-03
  1.74785988E-01  3.39751227E-04 -1.74977438E-03  1.86766006E-04 -5.72947690E-04
  9.28431402E-04 -5.74424574E-04  3.12331739E-05  7.08779077E-05  8.81940507E-05
  1.50922758E-04  3.98252968E-04 -2.51788986E-05  1.29442279E-03  4.38830731E-04
  1.27189630E-04  5.05634391E-05  3.46297302E-05 -1.39889972E-04 -1.88822172E-03
  1.32013800E-03  8.26720392E-04  1.01498549E-02  4.06921131E-03  1.19852684E-02
 -1.14682333E-04 -4.69018230E-04  6.60973161E-04  4.42751054E-05 -2.72003916E-04
 -6.11331812E-04  7.91546092E-04  9.06386267E-04  2.80012027E-04  2.76574604E-04
  8.59511548E-05 -7.64869084E-05 -9.61710680E-05 -1.57112628E-05 -4.70764859E-04
 -7.17230463E-02 -9.13074102E-02 -6.43275821E-02 -2.31811432E-02 -1.40620395E-02
 -1.85378586E-02  8.13199840E-02  9.82729022E-02  9.73108896E-04  4.51296537E-03
 -7.78697644E-04  2.80126519E-03 -9.05020305E-05  7.21994829E-04  1.89085806E-04
  2.14614335E-04  4.39288308E-05 -1.71805934E-03 -1.39812433E-03  7.59652508E-05
 -3.75686149E-03 -2.01829722E-03  8.42904556E-04 -1.07055482E-04 -5.25261638E-05
  4.84924146E-04  6.09220114E-03 -4.32044838E-03 -1.70864209E-03 -1.91909918E-02
 -1.77309025E-04 -2.36649151E-02 -2.57425529E-03 -3.73868842E-04 -1.77103264E-03
  1.06319922E-04 -7.11269109E-05  6.03749288E-05 -1.85177707E-03 -9.18831492E-04
  8.29285408E-04 -1.14434611E-04  3.69592430E-05  9.02483023E-04  1.45106847E-03
  5.60334845E-04  3.26216157E-04 -1.01460798E-01 -6.74251427E-02 -1.31571065E-01
 -1.25008477E-03 -1.99910950E-03 -1.20215528E-03  1.12088834E-01  6.69695499E-02
  1.47737753E-01 -2.64196186E-04 -7.15987187E-04 -2.23783356E-04 -1.93194643E-04
 -1.89911655E-04 -1.23327186E-03  9.85621420E-05  1.71014600E-04 -2.42712727E-04
  1.94077964E-04  1.64644826E-04 -4.96448991E-05  1.00137124E-03  3.80332308E-04
 -4.66587551E-04  8.05414756E-05  4.78272985E-05  9.28463776E-05 -7.80770409E-04
  4.61566520E-04 -1.68896344E-03 -4.25270210E-04 -9.91282609E-04 -2.07559354E-04
 -3.67341388E-04 -4.31632007E-04 -1.60360513E-05  8.10915693E-05 -2.11958212E-04
 -5.75010791E-05  7.11750664E-04  4.66482712E-04  8.21497507E-04 -3.95154007E-05
  1.96831228E-04  3.04893947E-04  4.28652345E-04  2.46157720E-04  8.76808322E-05
 -2.67935918E-01  3.06994111E-02  9.92515684E-02 -5.30736711E-03  5.40637204E-04
  1.49048181E-03 -1.69146090E-02  3.22537859E-03  7.98420895E-03  2.89593330E-01
  1.30367382E-04  1.57839254E-03  2.58729529E-04 -1.62419015E-05 -7.47768193E-04
  8.84361864E-05 -1.43558128E-05 -1.52889415E-04  7.75184065E-06 -3.59247415E-04
 -4.04046473E-04 -7.79699720E-05  5.42991355E-04 -3.93505566E-04 -5.71952305E-04
 -1.66937005E-05 -3.10354819E-05 -1.78871847E-07 -1.48258177E-03  8.55208774E-04
  5.15859492E-04 -1.35717720E-02 -6.12684072E-04  5.45731373E-03  7.52766044E-04
  2.78352051E-04 -5.92909336E-05 -1.23005523E-04  1.74712674E-04 -3.67913263E-05
  8.08348401E-05 -1.64079149E-03  2.94825736E-03 -7.72139093E-04 -2.09917262E-05
  6.65392470E-04  4.24882909E-04  1.58805057E-04  6.05718590E-05  3.19330635E-02
 -4.94320149E-02 -1.50505377E-02  2.95680102E-02 -3.58998188E-03 -1.29939601E-02
 -1.31508804E-02  1.58991938E-03  6.71096815E-03 -3.39275380E-02  5.21898243E-02
 -1.03225124E-03  1.23166945E-03 -8.29385810E-04 -1.97665492E-05 -9.33395343E-04
 -1.55902483E-04  3.39168402E-06 -1.75979448E-04  3.17084929E-05 -2.06053368E-04
 -2.91742401E-04 -1.88871706E-05 -1.42696922E-03 -1.07231991E-03  8.72399756E-04
 -7.04093002E-05 -2.38616111E-05  3.23930198E-04  3.41221054E-03 -1.31136250E-03
  4.46633691E-04  2.52117558E-02 -1.10776707E-03 -1.18896268E-02  9.49327538E-04
  4.52902632E-04 -5.67371129E-04  1.68975500E-04 -3.53906934E-04 -7.34232312E-05
 -1.63580822E-03  2.58140238E-03 -4.48929861E-03  1.57192236E-03  2.91759339E-04
 -3.76617270E-04 -2.57085413E-05  1.00037119E-04  2.76480154E-04  9.54471800E-02
 -1.45458950E-02 -8.97910102E-02  1.26762827E-03 -9.34612283E-04 -1.10554190E-03
 -1.75318457E-02  3.80934588E-03  8.58292067E-03 -1.05787099E-01  1.22536401E-02
  9.84673190E-02  3.57958542E-04  1.75648281E-03  6.59508949E-05  3.28707204E-04
 -4.18561612E-04 -1.49310870E-04 -6.02434691E-05  1.00360620E-04  1.68240729E-04
 -7.04791717E-04 -6.05914557E-04 -1.61162494E-05 -1.79292408E-03 -6.75351626E-04
 -1.30302920E-03 -2.01709614E-04 -8.62779356E-05 -2.84066049E-04 -1.66495250E-03
 -1.51059573E-03  4.11050326E-03 -2.03597567E-02  2.77987326E-02  8.88266711E-03
  3.05488721E-04  3.60382879E-04  1.61955940E-04 -1.10006167E-05  2.22611506E-04
  3.09197278E-04 -9.23006942E-02  3.80117387E-02  1.31780133E-02 -9.90793857E-04
  2.18527243E-03  4.67177722E-04  7.97469093E-03 -1.42554839E-02 -5.02305178E-03
  2.95295890E-04 -4.02725076E-04 -3.53655952E-04  2.75655053E-06  3.78825040E-04
  2.17756832E-04  6.05967109E-07 -5.02900235E-05  3.54271298E-04  3.45783285E-05
  2.83642929E-04 -2.75286509E-04  5.42008469E-01  5.77109741E-04  2.32527953E-03
  1.78256876E-04  5.95231925E-04 -9.14835524E-04 -6.82880668E-05 -2.54048778E-04
 -3.16897415E-05 -3.15792569E-05 -9.87890574E-04 -8.05600455E-04 -1.22271320E-04
 -1.77891641E-03 -9.34924781E-04 -6.08298028E-04 -1.57551701E-04 -5.14726602E-05
  1.83032283E-05 -1.09800299E-03 -1.08096440E-03  1.04888541E-03  4.15761090E-03
  8.05358664E-03 -3.53574842E-04 -5.85543804E-04  8.77315502E-04  2.16175397E-04
 -1.97988064E-04  7.49814188E-05 -1.27309546E-04  3.54449077E-02 -1.54852929E-01
 -2.36643555E-02  1.06534342E-02 -2.09630816E-02 -7.73550812E-03  7.11971863E-03
 -1.48330238E-02 -4.74890218E-03 -5.38886378E-04  1.25106304E-03 -2.69651826E-04
 -3.48220491E-05 -5.32015682E-04 -1.28483078E-04 -3.45041639E-05  4.62801793E-05
 -5.22652509E-05 -5.31176120E-05 -3.54245164E-04  3.40788267E-04  4.06304023E-02
  4.86353420E-01 -6.19039628E-04  2.50971899E-04 -1.11528712E-05  2.67598658E-04
 -5.16665275E-04 -3.94566712E-04 -3.10015082E-04 -7.16840955E-05  1.25763553E-04
  3.70009707E-04 -3.71928864E-05 -6.51368712E-07  3.94095727E-04 -2.96747980E-04
  2.35854561E-04  3.38653621E-05  2.26096910E-05  1.06259814E-04 -7.48520891E-04
  1.35513336E-03 -1.41519350E-03  7.12269375E-03 -9.85513542E-03 -3.27079688E-03
 -3.91015145E-04  6.69337388E-04  1.01416799E-03  1.95402606E-04 -3.23100052E-04
  3.81283323E-04  1.30580386E-02 -2.57164119E-02 -8.65981793E-02 -1.16944600E-02
  2.19814107E-02  8.41697932E-03  1.17349901E-02 -2.36676076E-02 -7.98533057E-03
 -9.40517135E-05 -4.46802069E-04  3.83721126E-04  4.22050439E-04  3.90784728E-04
 -9.15075776E-05 -8.83071600E-05 -1.73772332E-04  9.08313289E-06 -8.82938634E-05
  1.58129475E-04  1.99707340E-04  1.36248988E-02 -2.85489969E-02  5.49414184E-01
 -3.02876752E-04 -5.89199210E-04  4.23551173E-05 -2.82146994E-04  2.46810269E-04
  1.66697502E-04  2.41245731E-05 -5.55415818E-05 -2.12808880E-05  2.81050255E-04
  2.23738760E-04  2.42885569E-05  4.61965248E-04  2.65915887E-04 -4.42688795E-05
  3.49485543E-05  3.30497826E-06 -3.74600217E-05 -3.51073146E-04  3.72999253E-04
 -3.05320020E-04  1.94771079E-03 -3.82477144E-04  3.59754113E-04  5.33306465E-05
 -3.07459271E-04 -2.13646370E-04  2.20702704E-05  2.97077053E-05  1.23260812E-04
  6.98005863E-03  6.47543507E-03  1.23668765E-02  4.72754665E-04 -9.28009316E-04
 -2.86137204E-04 -5.66452327E-04  3.02449207E-03  1.44201455E-03  4.04912686E-05
 -1.54140577E-04  1.27692451E-04 -8.31412186E-05 -1.37608129E-05 -1.81050045E-05
 -2.83188830E-05  6.04607064E-06 -8.21324168E-05 -7.33496358E-06 -2.14239021E-05
  1.80864959E-05 -1.13635929E-01 -5.42632590E-02 -9.86104900E-02  1.20923033E-01
 -5.10554534E-05  2.07920328E-04 -1.09824062E-04  5.40433258E-04  1.31542638E-04
 -1.90070046E-05  7.93394597E-05  1.04264368E-04 -4.37418241E-05  3.23584355E-05
 -4.36573723E-05  6.12422739E-05 -1.63800901E-04 -1.79774682E-04  1.46907464E-06
  1.81992723E-05 -9.75051259E-06 -1.01346355E-05  6.13254135E-04 -8.04112542E-05
  3.39906629E-04 -1.49120446E-03  1.73987342E-03  1.20455868E-03 -2.69500472E-04
 -1.32745453E-04 -1.27601522E-04 -3.53303296E-05 -4.57980265E-05 -5.86317723E-05
 -1.45078551E-02 -1.33181479E-02 -2.25320643E-02 -6.85592743E-04  8.87593232E-04
  5.39943196E-04  3.31760894E-03 -4.69552908E-03 -1.72468511E-03  4.90203961E-05
 -9.17116257E-05 -9.37091649E-05  3.12524213E-05  1.83899421E-05  6.35306489E-05
  1.09638541E-05 -1.16557396E-04  1.52605502E-04 -5.44954640E-06  6.04096984E-05
 -4.61290625E-05 -5.37583668E-02 -8.94064497E-02 -7.82767948E-02  5.75887055E-02
  9.85662864E-02  3.28863236E-04 -2.09577476E-04 -1.48674784E-04  4.35714287E-04
  7.33377731E-04  8.68775132E-05  3.21997978E-04  1.31429572E-05 -2.31562660E-05
 -1.20790204E-04  3.07323556E-05  5.97600615E-05 -2.13341849E-04 -2.29018149E-05
  9.86209698E-05  2.47947084E-05  1.01089240E-05 -2.63976741E-06  7.15565520E-04
 -2.30703571E-04  1.20668370E-04 -7.53521306E-04  1.34001775E-03  9.43240712E-04
 -4.17267337E-04 -8.37331195E-04 -3.08940032E-04 -2.14087413E-05 -9.62411342E-06
 -1.33891734E-04 -4.40881289E-03 -4.13095471E-03 -7.40737655E-03  3.95705869E-04
  3.66981497E-05  8.79401792E-04  1.21574171E-03 -1.74142242E-03  8.88475488E-04
  1.82587961E-04  1.75675340E-05 -3.99611860E-04 -7.03068021E-05 -1.62978694E-04
 -1.16624597E-04 -1.19886387E-05  8.15584359E-05  2.02638822E-04  7.71864858E-05
 -1.19205570E-05 -8.46236152E-06 -9.85332234E-02 -7.87978401E-02 -1.93582947E-01
  1.08593251E-01  8.94894602E-02  2.08360710E-01  7.38335671E-04  1.07871085E-03
 -1.88232820E-05  1.42860090E-04 -2.19102645E-04  2.78819945E-05  1.46776290E-05
  5.75814053E-05 -7.60089054E-06 -7.36741477E-04 -4.27311219E-04 -5.75456355E-05
 -1.05756350E-03 -6.09217836E-04 -1.34930753E-04 -5.72453939E-05 -1.99776079E-05
 -1.75726134E-05  8.18121353E-04 -6.59641466E-04  1.15284995E-03 -5.64823377E-04
  4.46095271E-03  6.73535097E-04  9.26420360E-05  2.17260517E-04 -6.31975407E-05
  2.11845454E-05 -2.72244853E-05 -1.35125113E-04 -1.19684153E-02 -3.71370165E-03
  3.25219884E-03  1.33456546E-04  8.66340856E-05 -5.74821934E-04  6.87296963E-04
  7.56594944E-05  3.22383652E-04  9.90047814E-06  6.46591788E-05 -4.36216704E-04
  7.09229221E-05 -1.44889581E-04 -4.57657695E-05  2.40412134E-05  1.78779976E-06
  2.54434673E-05 -3.35165003E-05 -1.46933792E-05  2.86806341E-06 -2.71438366E-01
 -4.67227093E-02  7.50999379E-02 -1.46494067E-02 -3.17084190E-03  5.00508894E-03
  2.95237272E-01 -4.68758078E-05 -7.63998549E-04 -5.95746158E-05  2.22468370E-05
  4.92020705E-04 -3.46820737E-05  1.36979953E-04 -1.47439804E-05  1.32459084E-05
  2.62398041E-04  2.53725646E-04  3.09277421E-05  5.48438990E-04  2.37292391E-04
  3.93132628E-04  8.82982196E-05  2.95240268E-05  4.97337000E-05  8.08721770E-04
  5.73740054E-04 -1.01333411E-03  1.29457125E-03 -5.28440684E-03 -6.21442561E-04
 -1.62710723E-04 -4.59580441E-04  8.99217626E-05 -3.83167724E-05 -7.98515548E-05
 -9.67518877E-05  2.81016888E-02  5.71802549E-03 -9.52489382E-03 -3.47971563E-04
  1.21420810E-03  6.21320282E-04 -7.27344386E-04  1.24867799E-03  1.17876349E-04
 -6.09938035E-05 -2.86286338E-04  1.71410232E-04  9.34663530E-05  2.69764453E-04
 -2.01864820E-04 -8.29464960E-06  2.26345180E-05 -3.62155517E-05  2.60714777E-05
  1.85266048E-04 -6.38731837E-05 -4.79256250E-02 -5.62604461E-02  1.57989608E-02
 -1.15648600E-02 -3.39579933E-03  4.91840264E-03  4.97268141E-02  6.07766324E-02
 -1.33486409E-04 -2.22204597E-04 -6.69498276E-05  1.82908752E-04  1.78153937E-04
  9.58041134E-06  8.68919482E-05  1.17966389E-05 -1.74920123E-05  1.58338398E-04
  9.56895842E-05  4.13285519E-05  1.27354126E-04 -4.07271035E-05  1.37717712E-04
  5.30705123E-05  1.62372355E-05  3.51946792E-05  5.68207367E-04  1.26004809E-04
 -3.66092490E-04  2.91396880E-04 -1.78675454E-03  6.87673859E-04 -2.25597889E-04
 -2.02432066E-04 -1.11070358E-04 -2.38661148E-05 -3.46228449E-05  1.10056941E-05
  8.35798506E-03  2.53699345E-03 -3.76527073E-03 -4.73677374E-04 -6.67879060E-05
  4.76938007E-04 -5.57846703E-05  3.03448768E-04 -1.91246490E-04  8.62164687E-05
  2.85035956E-04  1.64231020E-04 -1.23726038E-04 -2.45368008E-04  6.99384229E-05
 -1.79030563E-05  2.43404643E-06  4.72547182E-06  1.02147478E-05 -1.29372575E-04
  2.81515773E-05  7.46510873E-02  1.52745162E-02 -7.24911114E-02 -2.35334900E-02
 -4.51061622E-03  8.69614275E-03 -8.34894060E-02 -1.59777749E-02  7.44097157E-02
 -3.18027905E-04 -2.08404959E-05  4.90956287E-06 -6.35860764E-05 -2.69156765E-04
  4.73151414E-05 -5.24375220E-05  1.02521859E-05 -4.61830943E-05  1.94923223E-04
  3.71743499E-05  1.43954203E-05  2.12683139E-04 -1.07484182E-05  1.97496862E-05
  8.44164495E-06 -2.73656030E-06 -2.54546168E-06 -3.97239602E-04  2.70318243E-04
 -9.44476205E-05  8.12562617E-04 -4.58825309E-04 -1.03179977E-03  1.20478932E-04
  3.07855115E-04 -1.65076094E-04  2.43533386E-05 -1.04843727E-04  1.91493180E-04
 -1.44365971E-03  9.90676544E-03 -1.15736181E-02 -6.96257652E-04  2.85728252E-03
  1.10810014E-03  3.85148360E-04 -8.40365153E-04  2.51708713E-04  6.11740654E-05
  5.81752466E-04  2.55373059E-04 -4.90651523E-04 -2.95075190E-04  5.85599008E-04
 -3.94243060E-05 -5.58382400E-05  4.06435157E-05  4.50776017E-05 -2.45986140E-04
 -4.21487219E-05 -4.81473886E-02  7.52882547E-03 -9.67938819E-03 -1.33485775E-03
  1.18578621E-02 -1.27458369E-02  2.51536753E-03 -2.02267031E-02  2.35032659E-02
  4.86033202E-02  2.75396258E-05 -1.33710190E-04 -7.93991978E-06  1.70054363E-04
  2.34348439E-04 -4.32330957E-05  3.58584900E-05  1.36608527E-05  4.85246528E-06
  6.38305293E-05  6.68278023E-05  1.69669013E-05 -3.41597022E-06  1.76562453E-04
 -6.67407766E-05  9.39810531E-06 -4.59989275E-06 -2.82873656E-06  2.75034790E-04
 -2.51988290E-04  2.85879357E-05 -1.21671750E-03  9.98348241E-04  4.56986362E-04
 -1.75920525E-04 -2.39519666E-04  3.58734597E-05 -1.35207651E-04  2.18750330E-04
 -1.67876351E-04  1.64378125E-03 -1.94328576E-02  2.15465728E-02  2.88375356E-03
 -4.27554452E-03 -2.56334449E-03 -7.19691011E-04  9.17645454E-04 -4.24626192E-05
  1.23824802E-05 -4.00772928E-04  2.05748104E-04  8.25633607E-05  6.70170719E-04
 -7.44457437E-05  1.02368001E-05 -1.91930860E-04 -2.24229998E-04 -9.94787073E-05
  3.09063829E-04 -2.00700386E-04  7.96074053E-03 -1.57960248E-01  1.27303573E-01
  4.29753339E-05  9.80005241E-03 -1.05158120E-02 -4.07490832E-05 -4.47639867E-03
  4.38635010E-03 -1.08269688E-02  1.73962140E-01  5.37925284E-05  2.76859242E-04
 -1.02645782E-05 -1.92439403E-05 -2.98601992E-04  4.85647869E-05 -5.92937809E-05
  7.29432284E-05 -6.28675516E-05 -9.18442463E-05 -9.01791967E-05 -3.30806848E-06
 -1.19767368E-04 -7.14912069E-05 -1.39006714E-05 -1.95805369E-05 -9.30466886E-06
  8.04748113E-06  7.15098241E-05 -2.38703563E-04  1.90861612E-04 -1.21794977E-04
  5.42906757E-04  2.63147597E-04  8.81188284E-05  3.17132789E-04 -1.11577358E-04
  1.75387915E-05  1.32991646E-05 -6.54070440E-05  1.16292765E-04 -7.51953424E-03
  9.07209311E-03  1.48719777E-03 -2.53314090E-03  6.40844361E-04 -3.81948988E-04
  6.88965129E-04  9.35927070E-04  2.70806545E-04  3.01263414E-04 -7.92228229E-05
  4.01636461E-04 -4.08816294E-04 -1.66219532E-04 -4.56753065E-05 -8.07218938E-05
 -1.28689799E-04 -5.91259961E-05 -1.93075847E-04  7.62761526E-05 -1.02539805E-02
  1.28180399E-01 -1.94445567E-01 -1.11946722E-04  1.57002233E-02 -1.82042122E-02
 -5.81181727E-04  5.42547545E-03 -7.76311051E-03  9.35849059E-03 -1.40075897E-01
  2.09818585E-01
Bound Array
1 1 2
2 2 3
3 1 4
4 1 5
5 5 6
6 5 7
7 7 10
8 7 8
9 8 9
10 8 11
11 11 12
12 11 13
13 11 18
14 18 19
15 18 20
16 18 21
17 8 14
18 14 15
19 14 16
20 14 17
Total Bond Number
20
//The number of torsion bonds
3
Torsion Bound Label
10 13 17

